svg_path_puzzle_svg_female_tight = [[400, 98.25],[342.61, 268],[352.71, 303.57],[393.25, 298.64],[425.76, 255.36],[457, 238.55],[479.57, 239.3],[525.81717, 291.98201],[524.56485, 429.88833],[143.59802, 429.91093],[146.49113, 98.294743]];
svg_path_puzzle_svg_male_tight = [[0, 400],[393.58804, 72.249886],[406.55053, 70.232065],[329.07053, 278.53206],[339.11, 332.10996],[390.68, 324.70996],[446.44, 254.93996],[487.43, 250.62996],[518, 289.42996],[518, 430]];
svg_path_puzzle_svg_female_loose = [[400.46789, 98.25],[374.42688, 231.50416],[381.25161, 253.9731],[403.5437, 256.06153],[430.90685, 216.52469],[463.08264, 214.68734],[496.41423, 218.24471],[525.34927, 263.4404],[524.56485, 429.88833],[143.59802, 429.91093],[146.49113, 98.294743]];
svg_path_puzzle_svg_male_loose = [[0, 400],[384.69803, 108.74572],[389.2384, 111.40685],[305.20787, 296.31208],[329.75209, 364.39474],[405.65265, 357.46263],[447.37579, 289.09632],[484.62263, 277.76789],[517.5321, 314.22841],[518, 430]];
